[array([0.62, 0.69]), array([0.715678, 0.935678]), array([0.512581, 0.631593, 0.320176]), array([0.55688 , 0.402467, 0.4167  , 0.2356  ]), array([0.23456 , 0.852345, 0.882263, 0.882634]), array([0.704375, 0.184692, 0.750051, 0.700608, 0.034561]), array([0.042092, 0.952208, 0.011222, 0.08615 , 0.580354, 0.282113]), array([0.967297, 0.722248, 0.964264, 0.161675, 0.549693, 0.18209 ,
       0.526677, 0.349152])]
[array([0.840353, 0.264731]), array([0.999999, 0.959595]), array([0.45, 0.65, 0.32]), array([0.997573, 0.917024, 0.57929 , 0.598003]), array([0.198713, 0.881134, 0.915305, 0.879646]), array([0.715874, 0.153247, 0.739129, 0.677647, 0.044134]), array([0.022092, 0.752208, 0.001222, 0.02615 , 0.380354, 0.182113]), array([0.982013, 0.690244, 0.999999, 0.165099, 0.560994, 0.198851,
       0.450511, 0.301192])]
[array([0.840353, 0.264731]), array([0.999999, 0.959595]), array([0.45, 0.65, 0.32]), array([0.997573, 0.917024, 0.57929 , 0.598003]), array([0.198713, 0.881134, 0.915305, 0.879646]), array([0.715874, 0.153247, 0.739129, 0.677647, 0.044134]), array([0.022092, 0.752208, 0.001222, 0.02615 , 0.380354, 0.182113]), array([0.982013, 0.690244, 0.999999, 0.165099, 0.560994, 0.198851,
       0.450511, 0.301192])]
[array([0.236354, 0.788452]), array([0.64, 0.7 ]), array([0.53, 0.4 , 0.17]), array([0.571673, 0.35481 , 0.35332 , 0.15263 ]), array([0.796542, 0.183434, 0.779691, 0.59685 ]), array([0.70507 , 0.17811 , 0.751431, 0.689813, 0.062701]), array([0.564797, 0.482149, 0.82693 , 0.388656, 0.269025, 0.32252 ]), array([0.949141, 0.678474, 0.985511, 0.157381, 0.599283, 0.232403,
       0.534967, 0.354058])]
[array([0.236354, 0.788452]), array([0.64, 0.7 ]), array([0.53, 0.4 , 0.17]), array([0.571673, 0.35481 , 0.35332 , 0.15263 ]), array([0.796542, 0.183434, 0.779691, 0.59685 ]), array([0.70507 , 0.17811 , 0.751431, 0.689813, 0.062701]), array([0.564797, 0.482149, 0.82693 , 0.388656, 0.269025, 0.32252 ]), array([0.949141, 0.678474, 0.985511, 0.157381, 0.599283, 0.232403,
       0.534967, 0.354058])]
[array([0.260138, 0.640907]), array([0.939393, 0.747474]), array([0.402581, 0.611593, 0.901763]), array([0.803482, 0.677055, 0.67563 , 0.090316]), array([0.25864 , 0.822619, 0.900831, 0.874299]), array([0.35, 0.75, 0.2 , 0.55, 0.15]), array([0.21368 , 0.666736, 0.480947, 0.47571 , 0.780598, 0.926208]), array([0.323872, 0.249824, 0.265438, 0.020912, 0.242544, 0.017786,
       0.040724, 0.248633])]
[array([0.289375, 0.164924]), array([0.727349, 0.90344 ]), array([0.402581, 0.611593, 0.999999]), array([0.819339, 0.061384, 0.411419, 0.146965]), array([0.232746, 0.861029, 0.848712, 0.929008]), array([0.730784, 0.176999, 0.723174, 0.685495, 0.027735]), array([0.730613, 0.428238, 0.879303, 0.246181, 0.702773, 0.138007]), array([0.97    , 0.67    , 0.98    , 0.17    , 0.570143, 0.24    ,
       0.48    , 0.3     ])]
[array([0.289375, 0.164924]), array([0.727349, 0.90344 ]), array([0.402581, 0.611593, 0.999999]), array([0.819339, 0.061384, 0.411419, 0.146965]), array([0.232746, 0.861029, 0.848712, 0.929008]), array([0.730784, 0.176999, 0.723174, 0.685495, 0.027735]), array([0.730613, 0.428238, 0.879303, 0.246181, 0.702773, 0.138007]), array([0.97    , 0.67    , 0.98    , 0.17    , 0.570143, 0.24    ,
       0.48    , 0.3     ])]
[array([0.289375, 0.164924]), array([0.727349, 0.90344 ]), array([0.402581, 0.611593, 0.999999]), array([0.819339, 0.061384, 0.411419, 0.146965]), array([0.232746, 0.861029, 0.848712, 0.929008]), array([0.730784, 0.176999, 0.723174, 0.685495, 0.027735]), array([0.730613, 0.428238, 0.879303, 0.246181, 0.702773, 0.138007]), array([0.97    , 0.67    , 0.98    , 0.17    , 0.570143, 0.24    ,
       0.48    , 0.3     ])]
[array([0.560479, 0.095948]), array([0.000507, 0.001014]), array([0.252581, 0.711593, 0.901763]), array([0.798244, 0.199837, 0.532883, 0.037106]), array([0.174272, 0.869578, 0.871203, 0.850588]), array([0.689713, 0.193035, 0.762591, 0.687542, 0.06998 ]), array([0.769361, 0.365617, 0.911168, 0.185119, 0.745807, 0.074701]), array([0.982481, 0.651913, 0.99    , 0.189234, 0.603478, 0.271768,
       0.503347, 0.291197])]
[array([0.560479, 0.095948]), array([0.000507, 0.001014]), array([0.252581, 0.711593, 0.901763]), array([0.798244, 0.199837, 0.532883, 0.037106]), array([0.174272, 0.869578, 0.871203, 0.850588]), array([0.689713, 0.193035, 0.762591, 0.687542, 0.06998 ]), array([0.769361, 0.365617, 0.911168, 0.185119, 0.745807, 0.074701]), array([0.982481, 0.651913, 0.99    , 0.189234, 0.603478, 0.271768,
       0.503347, 0.291197])]
[array([0.560479, 0.095948]), array([0.000507, 0.001014]), array([0.252581, 0.711593, 0.901763]), array([0.798244, 0.199837, 0.532883, 0.037106]), array([0.174272, 0.869578, 0.871203, 0.850588]), array([0.689713, 0.193035, 0.762591, 0.687542, 0.06998 ]), array([0.769361, 0.365617, 0.911168, 0.185119, 0.745807, 0.074701]), array([0.982481, 0.651913, 0.99    , 0.189234, 0.603478, 0.271768,
       0.503347, 0.291197])]
[array([0.334402, 0.639738]), array([0.717171, 0.666666]), array([0.5, 0.5, 0.5]), array([0.96916 , 0.985958, 0.661042, 0.343027]), array([0.49997 , 0.500016, 0.499966, 0.499997]), array([0.744901, 0.15938 , 0.756425, 0.681123, 0.054781]), array([0.730613, 0.428238, 0.879303, 0.246181, 0.702773, 0.138007]), array([0.466376, 0.252645, 0.499047, 0.206682, 0.103635, 0.      ,
       0.519854, 0.296472])]
[array([0.793274, 0.145087]), array([0.69, 0.91]), array([0.5, 0.5, 0.7]), array([0.565116, 0.422936, 0.338553, 0.205396]), array([0.005672, 0.849405, 0.978143, 0.905304]), array([0.718918, 0.176638, 0.765024, 0.702362, 0.045946]), array([0.888943, 0.670247, 0.163747, 0.942682, 0.789906, 0.868424]), array([0.439771, 0.21635 , 0.528786, 0.188608, 0.165911, 0.      ,
       0.582849, 0.300885])]
[array([0.673, 0.661]), array([0.912, 0.768]), array([0.00088 , 0.000849, 0.382036]), array([0.503636, 0.597875, 0.258821, 0.220868]), array([0.48726 , 0.493727, 0.529445, 0.504125]), array([0.670173, 0.068944, 0.308986, 0.955657, 0.808609]), array([0.074467, 0.566223, 0.500025, 0.13773 , 0.36539 , 0.52923 ]), array([0.525564, 0.381511, 0.467848, 0.153371, 0.298252, 0.155867,
       0.429134, 0.362593])]
[array([0.673, 0.661]), array([0.912, 0.768]), array([0.00088 , 0.000849, 0.382036]), array([0.503636, 0.597875, 0.258821, 0.220868]), array([0.48726 , 0.493727, 0.529445, 0.504125]), array([0.670173, 0.068944, 0.308986, 0.955657, 0.808609]), array([0.074467, 0.566223, 0.500025, 0.13773 , 0.36539 , 0.52923 ]), array([0.525564, 0.381511, 0.467848, 0.153371, 0.298252, 0.155867,
       0.429134, 0.362593])]
[array([0.291687, 0.805427]), array([0.676767, 0.878787]), array([0.5 , 0.5 , 0.55]), array([0.580928, 0.442636, 0.457102, 0.275816]), array([0.49405 , 0.337505, 0.409914, 0.514459]), array([0.69, 0.15, 0.76, 0.72, 0.03]), array([0.161225, 0.285109, 0.315799, 0.350597, 0.380832, 0.703658]), array([0.533001, 0.343193, 0.37953 , 0.210457, 0.296876, 0.131137,
       0.360728, 0.334009])]
[array([0.384963, 0.034214]), array([0.757624, 0.998489]), array([0.5     , 0.5     , 0.511111]), array([0.534803, 0.53153 , 0.45688 , 0.184662]), array([0.287726, 0.180565, 0.745635, 0.997732]), array([0.693105, 0.203029, 0.771786, 0.695023, 0.079602]), array([0.984367, 0.757945, 0.195014, 0.932375, 0.834139, 0.776752]), array([0.569139, 0.331942, 0.403615, 0.160008, 0.323325, 0.131447,
       0.351169, 0.325384])]